區域別總計	新北市	臺北市	臺中市	臺南市	高雄市	宜蘭縣	桃園縣	新竹縣	苗栗縣	彰化縣	南投縣	雲林縣	嘉義縣	屏東縣	臺東縣	花蓮縣	澎湖縣	基隆市	新竹市	嘉義市	金門縣	連江縣	消防署	基隆港	臺中港	高雄港	花蓮港
消防員因公傷亡
94年	111	1	33	16	10	12	0	8	11	4	5	1	0	0	5	0	1	1	1	1	1	0	0	0	0	0	0	0
95年	137	18	61	4	6	2	1	9	11	3	3	0	0	0	5	0	1	0	0	0	13	0	0	0	0	0	0	0
96年	162	18	74	9	11	4	1	23	6	4	0	0	0	0	4	2	1	0	0	0	3	0	0	2	0	0	0	0
97年	167	13	68	7	19	2	2	39	0	2	3	0	0	0	4	3	2	0	0	2	1	0	0	0	0	0	0	0
98年	67	0	0	5	14	7	3	24	0	2	4	0	0	0	6	0	0	0	0	0	2	0	0	0	0	0	0	0
99年	94	0	0	0	15	3	0	31	21	0	3	0	8	2	4	3	0	0	0	0	3	0	0	1	0	0	0	0
100年	88	21	0	0	0	2	0	26	14	2	6	0	5	3	2	2	0	0	0	0	2	0	0	0	1	0	2	0
101年	93	6	0	2	0	6	1	19	13	3	7	0	15	3	5	2	1	0	10	0	0	0	0	0	0	0	0	0
102年	138	42	0	18	0	3	1	30	10	3	8	0	8	4	3	0	0	0	5	3	0	0	0	0	0	0	0	0
消防車
94年	2070	254	242	179	154	253	40	157	52	52	93	76	62	53	93	33	55	23	46	36	34	21	14	19	10	15	4
95年	2110	282	239	182	165	244	40	160	52	51	88	81	61	57	97	40	50	22	46	37	35	21	12	18	10	17	3
96年	2160	283	262	188	165	247	40	157	56	49	112	88	62	56	88	46	44	26	41	38	35	21	7	18	10	17	4
97年	2179	279	260	186	166	235	50	165	58	51	115	92	63	58	90	47	45	29	39	39	35	21	8	18	10	16	4
98年	2198	287	260	189	164	245	50	166	61	54	115	89	60	55	87	48	48	28	39	38	35	23	10	17	10	16	4
99年	2173	257	260	192	168	242	48	166	60	64	113	92	60	58	91	41	46	28	34	38	35	23	9	17	9	18	4
100年	2191	261	261	194	174	221	51	163	64	66	117	92	61	57	96	41	49	29	36	37	35	26	12	17	10	17	4
101年	2307	278	260	205	192	237	53	165	65	68	117	93	72	59	113	52	53	29	37	37	36	23	12	17	9	21	4
102年	2336	272	257	210	192	256	55	162	65	70	121	92	73	62	111	51	58	29	36	38	36	28	12	15	10	21	4
救災車
94年	577	40	81	76	32	47	4	34	11	20	13	31	39	14	15	12	11	13	31	11	11	14	0	7	3	6	1
95年	639	49	84	87	33	72	4	35	15	18	15	37	41	18	17	10	11	11	26	12	11	9	5	8	4	6	1
96年	683	55	69	93	35	75	6	35	20	29	15	44	41	19	13	15	21	10	29	17	12	9	1	8	4	7	1
97年	730	69	70	100	35	82	11	36	25	27	20	41	40	19	14	16	17	11	31	18	13	10	4	8	5	7	1
98年	879	131	74	110	37	93	20	35	24	40	23	58	41	20	29	15	18	12	33	19	13	10	2	8	6	7	1
99年	971	158	74	115	33	95	20	36	21	46	63	65	44	21	29	17	19	12	30	21	13	11	3	9	8	7	1
100年	1082	201	70	132	39	93	35	38	22	51	75	67	45	22	39	17	19	13	33	21	14	9	4	9	4	9	1
101年	1328	343	86	156	60	85	37	42	28	53	76	67	48	56	40	18	13	12	34	23	14	10	4	9	3	9	2
102年	1411	357	106	148	68	130	35	51	14	57	82	70	51	59	34	17	13	12	32	23	15	10	4	10	3	9	1
消防勤務車
94年	2795	380	413	227	211	195	40	199	76	85	125	93	43	86	125	89	73	70	57	65	67	26	12	13	1	21	3
95年	2776	440	320	211	194	200	32	228	72	85	120	102	43	88	126	89	73	75	55	69	67	23	21	12	1	26	4
96年	2915	505	323	223	183	188	37	230	84	113	128	108	44	87	140	90	75	76	57	66	70	24	21	12	1	26	4
97年	3057	668	341	211	197	177	34	217	108	84	118	108	46	86	142	93	82	77	58	65	70	23	10	12	0	26	4
98年	3179	717	301	225	181	254	35	214	105	126	124	103	47	86	141	92	81	79	57	65	70	23	13	12	1	23	4
99年	3152	719	301	223	171	252	36	219	105	147	88	100	47	85	139	96	79	78	57	65	70	22	15	12	0	22	4
100年	3305	824	304	218	211	246	21	232	108	146	80	97	46	100	132	100	84	88	57	66	69	18	16	12	1	25	4
101年	3098	696	303	224	229	228	21	230	105	144	77	96	47	68	117	102	82	86	54	65	69	16	16	12	1	6	4
102年	3199	641	305	254	221	288	21	251	122	144	76	92	48	56	175	100	83	78	51	65	70	19	16	11	1	6	5
救護車輛
94年	885	115	70	74	61	119	19	76	28	22	49	19	26	28	39	18	25	14	17	16	13	10	7	5	6	7	2
95年	918	140	77	82	61	102	19	83	29	24	51	25	25	29	36	22	19	13	17	15	14	10	7	5	4	7	2
96年	973	156	76	84	66	113	24	85	34	24	53	25	28	32	36	23	19	14	18	17	13	10	7	4	4	7	1
97年	969	119	72	85	80	120	22	93	35	27	55	26	28	30	41	21	19	16	16	16	13	10	8	5	4	7	1
98年	967	119	75	86	72	114	21	98	37	24	51	28	28	30	45	22	22	15	16	15	14	10	8	5	4	7	1
99年	1008	120	75	87	74	127	25	101	40	24	53	29	30	33	48	24	22	15	16	13	16	10	8	5	4	8	1
100年	1044	122	78	105	79	127	26	102	43	29	50	28	30	32	52	25	24	14	16	13	14	10	6	5	5	8	1
101年	1077	120	78	103	81	144	27	102	38	25	52	32	31	33	56	32	24	14	18	13	17	11	6	5	5	9	1
102年	1091	116	78	104	88	153	28	96	38	27	51	27	42	32	53	30	29	15	18	14	17	10	6	4	5	9	1
消防人力總計
94年	9483	923	1467	744	714	1108	156	678	257	226	414	283	312	349	318	146	142	156	179	185	196	56	21	284	41	32	62	34
95年	10090	1105	1484	820	729	1155	180	768	273	230	430	318	326	352	328	151	149	158	193	199	198	68	24	281	42	33	63	33
96年	10645	1159	1514	891	772	1191	202	859	300	239	453	329	334	362	370	155	195	158	200	211	203	70	25	282	41	34	62	34
97年	11090	1298	1540	943	812	1209	212	865	307	251	468	350	340	367	407	156	219	157	204	220	208	71	25	291	40	34	62	34
98年	11594	1456	1531	991	851	1218	214	922	311	288	468	373	352	380	478	160	223	161	216	219	209	72	28	301	42	34	62	34
99年	12507	1983	1562	1038	887	1264	207	965	318	346	482	379	363	390	538	176	227	161	226	218	212	71	27	298	42	33	61	33
100年	13250	2077	1644	1091	919	1480	206	1015	335	365	490	380	366	391	558	284	234	157	240	233	214	69	32	301	41	32	62	34
101年	13366	2087	1625	1159	941	1506	214	1022	336	368	491	378	367	383	557	286	226	158	234	229	211	70	32	299	42	45	55	45
102年	13285	2098	1577	1178	926	1487	216	1024	337	354	494	366	374	378	548	285	223	160	233	224	206	73	31	295	41	45	61	51
土地面積(平方公里)
94年	36188.0354	2052.5667	271.7997	2214.8968	2191.6531	2946.2671	2143.6251	1220.954	1427.5931	1820.3149	1074.396	4106.436	1290.8326	1901.675	2775.6003	3515.2526	4628.5714	126.8641	132.7589	104.0964	60.0256	153.056	28.8
95年	36188.0354	2052.5667	271.7997	2214.8968	2191.6531	2946.2671	2143.6251	1220.954	1427.5369	1820.3149	1074.396	4106.436	1290.8326	1901.675	2775.6003	3515.2526	4628.5714	126.8641	132.7589	104.1526	60.0256	153.056	28.8
96年	36189.505	2052.5667	271.7997	2214.8968	2191.6531	2946.2671	2143.6251	1220.954	1427.5369	1820.3149	1074.396	4106.436	1290.8326	1901.675	2775.6003	3515.2526	4628.5714	126.8641	132.7589	104.1526	60.0256	151.656	28.8
97年	36189.505	2052.5667	271.7997	2214.8968	2191.6531	2946.2671	2143.6251	1220.954	1427.5369	1820.3149	1074.396	4106.436	1290.8326	1901.675	2775.6003	3515.2526	4628.5714	126.8641	132.7589	104.1526	60.0256	151.656	28.8
98年	36191.4667	2052.5667	271.7997	2214.8968	2191.6531	2946.2671	2143.6251	1220.954	1427.5369	1820.3149	1074.396	4106.436	1290.8326	1903.6367	2775.6003	3515.2526	4628.5714	126.8641	132.7589	104.1526	60.0256	151.656	28.8
99年	36191.4667	2052.5667	271.7997	2214.8968	2191.6531	2946.2671	2143.6251	1220.954	1427.5369	1820.3149	1074.396	4106.436	1290.8326	1903.6367	2775.6003	3515.2526	4628.5714	126.8641	132.7589	104.1526	60.0256	151.656	28.8
100年	36192.8155	2052.5667	271.7997	2214.8968	2191.6531	2947.6159	2143.6251	1220.954	1427.5369	1820.3149	1074.396	4106.436	1290.8326	1903.6367	2775.6003	3515.2526	4628.5714	126.8641	132.7589	104.1526	60.0256	151.656	28.8
101年	36192.8155	2052.5667	271.7997	2214.8968	2191.6531	2947.6159	2143.6251	1220.954	1427.5369	1820.3149	1074.396	4106.436	1290.8326	1903.6367	2775.6003	3515.2526	4628.5714	126.8641	132.7589	104.1526	60.0256	151.656	28.8
102年	36192.8155	2052.5667	271.7997	2214.8968	2191.6531	2947.6159	2143.6251	1220.954	1427.5369	1820.3149	1074.396	4106.436	1290.8326	1903.6367	2775.6003	3515.2526	4628.5714	126.8641	132.7589	104.1526	60.0256	151.656	28.8
人口數(人)
94年	22770383	3736677	2616375	2566220	1862918	2753486	461586	1880316	477677	559944	1315826	537168	733330	557101	898300	238943	347298	92489	391727	390692	271701	70264	10345
95年	22876527	3767095	2632242	2587828	1866727	2760180	460426	1911161	487692	559986	1315034	535205	728490	553841	893544	235957	345303	91785	390633	394757	272364	76491	9786
96年	22958360	3798015	2629269	2606794	1870061	2764868	460398	1934968	495821	560163	1314354	533717	725672	551345	889563	233660	343302	92390	390397	399035	273075	81547	9946
97年	23037031	3833730	2622923	2624072	1873005	2769054	460902	1958686	503273	560397	1312935	531753	723674	548731	884838	231849	341433	93308	388979	405371	273793	84570	9755
98年	23119772	3873653	2607428	2635761	1875406	2770887	461625	1978782	510882	561744	1312467	530824	722795	547716	882640	232497	340964	96210	388321	411587	273861	93803	9919
99年	23162123	3897367	2618772	2648419	1873794	2773483	460486	2002060	513015	560968	1307286	526491	717653	543248	873509	230673	338805	96918	384134	415344	272390	97364	9944
100年	23224912	3916451	2650968	2664394	1876960	2774470	459061	2013305	517641	562010	1303039	522807	713556	537942	864529	228290	336838	97157	379927	420052	271526	103883	10106
101年	23315822	3939305	2673226	2684893	1881645	2778659	458595	2030161	523993	563976	1299868	520196	710991	533723	858441	226252	335190	98843	377153	425071	271220	113111	11310
102年	23373517	3954929	2686516	2701661	1883208	2779877	458456	2044023	530486	565554	1296013	517222	707792	529229	852286	224821	333897	100400	374914	428483	270872	120713	12165
